450
476
503
532
563
595
629
664
701
740
780
822
865
910
957
1005
1055
1106
1159
1214
1270
1328
1387
1448
1511
1575
1641
1708
1777
1848
1920
1994
2069
2146
2225
2305
2387
2470
2555
2642
2730
2820
2911
3004
3099
3195
3293
3392
3493
3596
3701
3809
3919
4032
4147
4265
4385
4508
4633
4761
4891
5024
5160
5298
5439
5583
5730
5879
6031
6186
6344
6505
6668
6834
7003
7175
7350
7528
7709
7892
8078
8267
8459
8654
8852
9053
9256
9462
9671
9883
10098
10315
10535
10758
10983
11211
11442
11675
11911
